8976019.50
8943556.50
8911093.50
8878630.50
8846167.50
8813704.50
8781241.50
8748778.50
8716315.50
8683852.50
8651389.50
8618926.50
8586463.50
8554000.50
8521537.50
8489074.50
8456611.50
8424148.50
8391685.50
8359222.50
8326759.50
8294296.50
8261833.50
8229370.50
8196907.50
8164444.50
8131981.50
8099518.50
8067055.50
8034592.50
8002129.50
7969666.50
7937203.50
7904740.50
7872277.50
7839814.50
7807351.50
7774888.50
7742425.50
7709962.50
7677499.50
7645036.50
7612573.50
7580110.50
7547647.50
7515184.50
7482721.50
7450258.50
7417795.50
7385332.50
7352869.50
7320406.50
7287943.50
7255480.50
7223017.50
7190554.50
7158091.50
7125628.50
7093165.50
7060702.50
7028239.50
6995776.50
6963313.50
6930850.50
6898387.50
6865924.50
6833461.50
6800998.50
6768535.50
6736072.50
6703609.50
6671146.50
6638683.50
6606220.50
6573757.50
6541294.50
6508831.50
6476368.50
6443905.50
6411442.50
6378979.50
6346516.50
6314053.50
6281590.50
6249127.50
6216664.50
6184201.50
6151738.50
6119275.50
6086812.50
6054349.50
6021886.50
5989423.50
5956960.50
5924497.50
5892034.50
5859571.50
5827108.50
5794645.50
5762182.50
5729719.50
5697256.50
5664793.50
5632330.50
5599867.50
5567404.50
5534941.50
5502478.50
5470015.50
5437552.50
5405089.50
5372626.50
5340163.50
5307700.50
5275237.50
5242774.50
5210311.50
5177848.50
5145385.50
5112922.50
5080459.50
5047996.50
5015533.50
4983070.50
4950607.50
4918144.50
4885681.50
4853218.50
4820755.50
4788292.50
4755829.50
4723366.50
4690903.50
4658440.50
4625977.50
4593514.50
4561051.50
4528588.50
4496125.50
4463662.50
4431199.50
4398736.50
4366273.50
4333810.50
4301347.50
4268884.50
4236421.50
4203958.50
4171495.50
4139032.50
4106569.50
4074106.50
4041643.50
4009180.50
3976717.50
3944254.50
3911791.50
3879328.50
3846865.50
3814402.50
3781939.50
3749476.50
3717013.50
3684550.50
3652087.50
3619624.50
3587161.50
3554698.50
3522235.50
3489772.50
3457309.50
3424846.50
3392383.50
3359920.50
3327457.50
3294994.50
3262531.50
3230068.50
3197605.50
3165142.50
3132679.50
3100216.50
3067753.50
3035290.50
3002827.50
2970364.50
2937901.50
2905438.50
2872975.50
2840512.50
2808049.50
2775586.50
2743123.50
2710660.50
2678197.50
2645734.50
2613271.50
2580808.50
2548345.50
2515882.50
2483419.50
2450956.50
2418493.50
2386030.50
2353567.50
2321104.50
2288641.50
2256178.50
2223715.50
2191252.50
2158789.50
2126326.50
2093863.50
2061400.50
2028937.50
1996474.50
1964011.50
1931548.50
1899085.50
1866622.50
1834159.50
1801696.50
1769233.50
1736770.50
1704307.50
1671844.50
1639381.50
1606918.50
1574455.50
1541992.50
1509529.50
1477066.50
1444603.50
1412140.50
1379677.50
1347214.50
1314751.50
1282288.50
1249825.50
1217362.50
1184899.50
1152436.50
1119973.50
1087510.50
1055047.50
1022584.50
990121.50
957658.50
925195.50
892732.50
860269.50
827806.50
795343.50
762880.50
730417.50
697954.50
665491.50
633028.50
600565.50
568102.50
535639.50
503176.50
470713.50
438250.50
405787.50
373324.50
340861.50
308398.50
275935.50
243472.50
211009.50
178546.50
146083.50
113620.50
81157.50
48694.50
16231.50
